 -0.180002984160057       6.985963232103302E-003
 -0.180002984160057       6.985963232103302E-003
 -0.509589311546287       0.115366596826422     
 -0.554433428219295       1.777525122160545E-002
 -0.595460760016809       5.536544143325510E-002
 -0.850365295675170       2.650823757148576E-002
 -0.991146990551153       2.051185009525554E-002
 -0.431349905111703       0.100650532506884     
  0.228187820015046       0.297630964087431     
  0.236834931992683       0.331797464123341     
  0.146323815706672       0.251969886193152     
 -1.150551421845401E-002  0.206920726838332     
  3.250454228211529E-002  0.250148462969757     
  3.662788980268437E-002  0.248201703413012     
  0.100000881873140       0.265463597981172     
  3.607614015131756E-002  0.247547509421507     
 -0.177649545330470       0.259104405480172     
 -0.369055598168775       0.167764521377219     
 -0.346395976666868       0.108381105580744     
 -0.227553547531710       8.769999146106415E-002
 -0.603050310437750      -2.328513207052867E-003
 -0.386122003344569       3.261990364813863E-002
 -0.207645198953563       6.150919724256489E-002
  8.050593931576394E-002  0.151205372579217     
  4.722786492085142E-002  0.141544535251293     
 -8.413539021811632E-002  0.163001572644107     
  0.105816705552930       0.183587109760083     
  0.210269812844182       9.769979408695514E-002
  0.572092062559114       0.136576160875182     
  0.897679467245593       0.206564059323705     
  0.492310885733697       0.330435193870355     
  0.348951044120892       0.354670446792178     
  0.134604940848101       0.230834814859195     
  0.111798396978278       0.244553586604778     
 -9.389924558416952E-002  0.236111176046924     
  0.233474383076005       0.365679349648692     
 -0.127010821728717       0.209188711682424     
  2.056513717177810E-002  0.176004749208773     
  2.989695804519448E-002  0.304968174958713     
  4.552691786040831E-002  0.308865446457775     
 -3.882099993440308E-003  0.297263132883903     
  0.242717807649296       0.416603323840679     
  0.242944699773067       0.405414824237023     
  3.464742359090587E-002  0.250032273863626     
 -9.856664329502185E-002  0.242761158140177     
 -0.142165908746173       0.117250982711334     
 -0.316219690738264       3.697284867148422E-002
 -0.431589438480187       9.356202650743117E-003
 -0.134357105116396       0.107000592277310     
 -0.114373468362313       6.056981231521837E-002
  9.766616091496684E-002  6.687320963924456E-002
  0.123013170051582       8.251186386858579E-002
  0.119204564500787       9.847400247398699E-002
  0.134792655634449       8.471402155894885E-002
  0.163825440590104       0.137711281942682     
  0.332959513005714       0.158082474674201     
  0.156112019738719       0.127376049659111     
 -0.152791197312260       5.050169244908467E-002
  5.872996801191585E-002  9.834223513134285E-002
  7.279927791143292E-002  9.699419193691616E-002
  5.893483000674751E-002  9.174855103521322E-002
 -0.149142771883434       3.291992208045717E-002
  2.891546123332795E-002  3.893483307546481E-002
  0.289139340797839       0.163360251133275     
  0.352305096941372       0.139923206548385     
  0.547863651699912       0.217014680831223     
  0.736393887917599       0.317703002785511     
  0.524999321844005       0.199530547083383     
  0.537639122737439       0.206706539118500     
  0.600131377887858       0.260600932948925     
  0.587721462222733       0.252536583662360     
  0.571971617109983       0.242044924393909     
  0.906351132125054       0.396329848144867     
  0.737323299202942       0.412000966006124     
  0.661650118963285       0.378595304358537     
  0.471656566876584       0.469148745641348     
  0.446749914712614       0.444347796444861     
  0.603472419210256       0.472577507151302     
  0.375310655539927       0.305432141346739     
  0.462140727664875       0.315120793536668     
  0.470145607235798       0.382811913854310     
  0.567326194675839       0.336822291219044     
  0.441387344996569       0.346129664098719     
  0.489996567267106       0.375111211275107     
  0.558812226118998       0.382956583789280     
  0.343476100895132       0.238087626523437     
  0.536221821965845       0.354293995605617     
  0.497815271385451       0.322391318963943     
  0.877262711558455       0.363110763889838     
   1.15985872642372       0.420305336042534     
   1.09743442303964       0.405235851886584     
  0.761628794373767       0.299961669407935     
  0.725947280799112       0.281806363976570     
  0.456775163112766       0.211308641559554     
  0.401731120868288       0.194119532929597     
  0.406647797663632       0.175320171952938     
  0.406694092065202       0.172966126703225     
  0.470065545530172       0.201792816782101     
  0.318393552356684       0.247916345151178     
  0.397220425415053       0.256089200569869     
  0.632883271374088       0.355174981574298     
  0.703052899176453       0.423965520522439     
  0.481996062045245       0.220766347303650     
  0.735935177423426       0.275455217182187     
  0.333240773162216       0.124173531931225     
  0.397998039073135       5.662445864464739E-002
  0.539470789836163       6.246390576363394E-002
  0.442843992542801       9.741463813571098E-003
  0.636971381114719       0.165647359290637     
  0.452633792516274       7.358771037285025E-002
  0.484602542089646       0.104844324699610     
  0.143076482062135       5.213367232515535E-002
  0.161720356306996       7.406480103715005E-002
  0.422868190376589       0.119182374356792     
  0.858460769960919       0.397168056015848     
  0.552897869594832       0.364786872518916     
  0.660668805567986       0.411486438480586     
  0.651248490704610       0.340619149869613     
  0.387567583937994       0.262436814444459     
  0.538370948760294       0.271019632025531     
  0.321334890338466       9.521932577114205E-002
  0.465694496886927       9.237116103490157E-002
  0.339016529188429       0.124657894906212     
  0.371609571909769       0.135605396776825     
  0.294278359621214       8.677287114962390E-002
  0.214452865493124       0.102103798369257     
 -0.163803512682502      -4.593634335669151E-002
 -0.185868301096561      -1.759178373492850E-002
  0.209019894714846       6.802241585082539E-002
 -0.217212755932794       6.831630157915602E-002
 -0.254212068757446       2.570137451700649E-002
 -0.261863748128470       3.945207710274132E-002
 -0.539877613051199       1.535459495066229E-002
 -0.718551937919271      -1.052372375184367E-002
 -0.505677735880759       7.377953116015311E-003
 -0.458744725137960       7.198427053618149E-002
  4.044125438172578E-002  0.326227503605631     
  0.406270865935188       0.506883415040597     
  0.409442436698681       0.319773889796478     
  0.388043924420012       0.292136862107339     
  0.414350041253605       0.248145250540104     
  0.577878256449856       0.363262391704305     
  0.257601027540918       0.324289540370408     
  0.551120801941925       0.514556443050959     
  0.791541489795932       0.426734231879074     
  0.618238873384928       0.214546581291097     
  0.150203301047350       0.210979072038018     
  0.280889140904399       0.206221603445361     
  0.766032773071375       0.392278248916070     
  0.395944179558141       0.339213329239165     
  0.592079165030373       0.722403373505052     
  0.606234895544005       0.957138872187854     
  0.596558703704357       0.877731157348884     
  0.695998577547800       0.692374175962501     
   1.42880789277881       0.732043339077496     
   1.56539240460019       0.461557090755747     
   1.32452273699459       0.253924303960200     
   1.38758109114707       0.119423845851145     
   1.83470152393301       0.142891663353632     
   1.69460890080685       0.205062064816024     
   1.39952079757736       0.308034739254108     
   1.33328596074384       0.220920860638081     
  0.799888240785161       0.235012135233941     
  0.874921719514460       0.251189800964383     
  0.622486457739827       0.253658095523707     
  0.607207584958054       0.221399649511267     
  0.421752723011994       0.124201307458542     
  0.583406094290246       0.259045326894082     
  0.617486801775009       0.190483282658799     
  0.838272671169775       5.020334334894971E-002
  0.972004136311102       0.144953948813987     
  0.831632779031908       0.113713049875705     
  0.525950709779760       0.121268447030243     
  0.653942913383230       0.250902399582315     
  0.646976907374890       0.227031749610582     
   1.01669098663523       5.333080798772351E-002
   1.41233654742415       0.199154381825090     
   1.59753823368841       0.153239256026117     
   1.72826326656796       0.254948158571560     
   1.52997842817097       9.569858309433567E-002
   1.49542009047504       0.135819846973402     
   1.29133384688918       5.042508420149264E-002
   1.10355149128356       0.127801242253603     
   1.31784966804238       0.171923333458545     
   1.31508402123596       0.181020927798845     
   1.64507955826391       0.154161803254846     
   1.44217301974833       0.303001042587443     
  0.829972227743476       0.113542118294336     
   1.30798984410904       0.222168569633236     
  0.812848086595795       0.115487963329968     
  0.806358061088392       0.120281714901450     
   1.08602226977968       0.174518433690641     
   1.09398660057625       0.355212927402745     
   1.54338401142901       0.140586697782820     
   2.18931750209699       0.204476962439534     
   2.19511235866703       0.197149794641414     
   2.45523991422870       0.291062324149528     
   1.96899638762899       0.363500922930524     
   2.65314445853130       0.157001427156844     
   2.34082394166076       0.433651644451123     
   2.01184079797678       0.503444214476803     
   1.63762318953574       0.393690913737181     
   1.15971298942434       0.219778666649748     
   1.20132445478491       0.411578254063432     
   1.29274223605837       0.537569426081966     
   1.14462191615941       0.546239497224387     
   1.40882146332606       0.372667415577535     
   1.41775529264813       0.620628267161679     
   1.63435779182070       0.358129266634651     
   1.50787572301688       0.395110883060054     
   1.79445363240777       0.505727774338661     
   1.57607719664047       0.807711058333536     
   1.50279405008084       0.623586835865894     
   1.38017220396034       0.503932069629115     
   1.40276059975252       0.587900548189502     
   1.25244446347877       0.355979671900740     
   1.35718470471171       0.474778975766825     
  0.888893030741968       0.480116336938519     
  0.935813098216280       0.488718607566504     
  0.734523192186309       0.221466462219556     
  0.817635179390215       0.298999367008841     
  0.861828378306438       0.280153317760604     
  0.867371480692616       0.283365695568368     
   1.00333627548975       0.435488960435207     
  0.990699091538658       0.520917199756899     
  0.976167964147114       0.487505785600455     
   1.03372523165745       0.587995264059791     
   1.14819337503626       0.747838633681582     
  0.964030820440585       0.629471326876193     
   1.04447615898732       0.619637691634209     
   1.00344321343361       0.632424407554196     
   1.15009093126095       0.560710248899405     
  0.850799684766622       0.299364293132900     
   1.02961234473217       0.460719351644344     
  0.644177340987248       7.406519595579357E-002
  0.673486263108930       9.495206940276404E-002
  0.782957628542656       4.518320145437146E-002
  0.773481071640597       4.724208258933320E-002
  0.809710876134851       2.961245021738263E-002
  0.843913917157870       9.867809082366497E-002
   1.26290079125798       0.206092737311179     
   1.23941801127159       0.216702065726757     
   1.04537975379770       0.389057840967761     
   1.43168449025656       0.299956224387079     
   1.86566678877619       0.312428592073798     
   1.84783586574184       0.461646046732345     
   1.54146262183638       0.745472638224763     
   1.50379740576593       0.721191912633191     
   1.64303374083092       0.567318128584635     
   1.52509017617284       0.348063132494120     
   1.33150000998035       6.612509210852795E-002
   1.29328262603501       6.729395992891851E-002
   1.10828430668568       0.220997061799873     
   1.30674855435759       4.261066579368458E-002
   1.37207579297647       2.855506959976986E-002
   1.08330164834945       3.824047374543831E-002
   1.07611216825142       3.977278727539696E-002
   1.08606894901124       4.110941328417737E-002
  0.949265026873362       0.106548623939046     
   1.05401478349344       0.166627237381554     
   1.01422136280038       0.135646574826062     
   1.00811221927267       0.130751602669529     
   1.06001494252897       0.124868079659244     
   1.06302763870304       0.130376018357713     
  0.888948455705090       0.330275554940604     
  0.848952627729208       0.301983516289937     
  0.811282556928502       0.288830473721941     
  0.832098449208559       0.270303605256467     
  0.841928462794108       0.273641710863845     
  0.818340227276949       0.311913916695032     
  0.404142171361340       0.193309005611387     
  0.198814478692001       0.134881699119513     
  0.523921195577372       0.253842809129041     
  0.343573379000066       0.359019004588411     
  0.203495834411616       0.217321297122448     
  2.527622376657304E-002  0.205150312524232     
 -1.862412399879472E-002  0.126086231724919     
 -0.349024722840082       5.096723526943429E-003
 -0.253112850141979       9.416858732188839E-002
 -0.320130164380190       9.692675602362849E-002
 -0.343583852123127       3.202948225680328E-002
 -0.146746631698410       0.111832752495961     
 -9.350413929173228E-002  9.255377827713311E-002
 -0.272346276043542       6.905387616736861E-002
 -0.461071337337516       2.252834935936016E-002
 -0.481184232882229       7.883137984911863E-002
 -0.255582347733073       0.179184564026446     
 -7.703718161874584E-002  0.102224100961249     
 -0.325272163687027       0.115789672353581     
 -0.334115952700143       7.972631759450370E-002
 -0.637301778470093      -2.716306553338545E-002
 -0.737007802016838       9.552804969459688E-003
  -1.11634658079190      -8.612812421647102E-002
  -1.13658524488053      -9.926833472247039E-002
  -1.11570284669589      -0.111889747216599     
  -1.15385585388763      -4.990558308448511E-002
  -1.05957453701765      -1.405667422536592E-002
 -0.880856623915730      -2.319393428405802E-002
 -0.968004873908127      -6.681171739204131E-002
 -0.717176105762021      -1.985977753410935E-002
 -0.764704913521683      -2.423540792448692E-002
 -0.764704913521683      -2.423540792448692E-002
 -0.735428202562218      -2.553819911562574E-002
 -0.690606398411045      -2.828544687561341E-002
 -0.795389783960384      -0.100064134353282     
 -0.741715491892414      -8.574954791009030E-002
 -0.733245661136152      -7.764918561560760E-002
 -0.814123245054613      -8.996322537978631E-002
 -0.791601674706569      -6.692226323937590E-002
 -0.823108645634323      -8.525983980201618E-002
 -0.857046890009399      -3.536101605568152E-002
  -1.06249534720986      -8.008767646668828E-002
 -0.895343068997122       0.111429258123093     
 -0.412529145188498       0.182301832515671     
 -0.412529145188498       0.182301832515671     
 -0.327587337925773       0.146680797332403     
 -0.310803242322331       0.204189000790910     
 -0.155651954834441       0.166800977888578     
 -7.504953469765495E-002  0.179049025018989     
  0.228895602682460       0.247161527754645     
 -0.194115267955118       0.319270413846354     
 -0.799850809117616       0.119723431806467     
 -0.568222842964365       0.106531459383824     
 -0.656274603279554       8.869612481818979E-002
 -0.523335571987554       2.713947873069206E-002
 -0.477966542402350       6.901782941651145E-002
 -0.683328866287537       3.761112263713854E-002
 -0.254150838090252       0.149484376990525     
 -0.221217025240132       0.199159173111988     
 -6.048465764203049E-002  0.262294052059773     
  8.372365571833201E-002  0.208022861407565     
  0.145030764751011       0.262213524279781     
 -0.109670557974442       0.251003877245693     
  0.349182975170807       0.509866945313321     
  0.239784289400989       0.200496329057345     
  0.369607952251798       0.236339101688776     
  0.690890004417894       0.420370051772092     
  0.577643701974318       0.258008257702062     
  0.631842658896753       0.478843568168605     
  0.708349542055630       0.262009986394092     
  0.968815530434073       0.282281719515845     
  0.273981068766199       0.236416598725623     
  0.339386098183177       0.176054680337613     
  0.376266590505183       0.102955836889096     
  0.436648679101075       0.183455890885485     
  0.319991769366453       0.357725348470658     
  0.460839312741839       0.352381261090649     
  0.322381539904578       0.266583558060883     
  0.207066452526034       0.184367731856271     
 -0.159892974687701       0.140695864215099     
 -0.580124004685838       9.397891045193722E-002
 -0.883387316246599       0.120498423610518     
 -0.936165180444492       9.532294237641284E-002
 -0.403535921906976       0.140119930229760     
 -0.437263532831249       0.106606509595735     
 -0.173178950369531       0.301433074139542     
 -0.276063517685072       0.128695846390834     
 -6.620131571771723E-002  0.162025117345586     
 -0.277975434515452       4.826267860679410E-002
 -0.257406726857853       5.486734953293496E-002
  0.250982711321955       0.106472226393703     
  0.408775799915972       0.123460764673870     
  0.639300849839673       0.134320805756803     
  0.838246016211113       0.242605990557541     
  0.503694160719415       0.174947105790609     
  0.470559169223851       8.167225072762657E-002
  0.376914141488574       9.760661345309868E-002
  0.266777296576456       9.394958848216758E-002
  0.270367439551678       9.698030295054579E-002
  0.204560958593103       6.015180856728566E-002
  0.230212036488159       8.235873331064220E-002
  0.202886155721578       0.179566831654929     
 -0.108517740256459       3.352935829423957E-002
  0.119626196187259       8.759712406806386E-002
  0.308289113905040       0.179718629131927     
  0.295803095843195       0.197426045616945     
 -0.179741347282777       7.740031918481430E-002
 -0.146701354212545       9.977428345172852E-002
 -7.061577708978757E-002  5.955704929590251E-002
 -0.125386909371648       2.821182090433896E-002
  6.848588591464677E-002  9.071443219781178E-002
  0.110267166520678       0.108491476690608     
  0.309929545115848       0.105975540932691     
  0.354618937504401       0.126882012746582     
  0.588479777286908       0.176493893163494     
  0.536209324806820       0.119789223116224     
  0.895172094367147       0.238509391794636     
  0.795348854390934       0.171609916001437     
   1.20250847261326       0.153845498525561     
  0.958807675603356       0.135288648300948     
  0.502862045185350       8.877578421371744E-002
  0.667034800275429       0.198827135671149     
  0.473099785652543       0.304642060221745     
  0.433198394256436       0.218980344903693     
  0.300877508325858       0.172366048341153     
  0.483468378633662       7.655534379688937E-002
  0.671841265370286       0.112586714715211     
  0.797394252490528       6.952124876429303E-002
  0.922159046772766       0.173671578622584     
  0.779792463319753       8.198810576619782E-002
   1.10849328804141       8.241113978652290E-002
  0.954298410279433       4.212175859627417E-002
  0.726751299712811       0.190861338738818     
  0.609054088698876       0.208747737678466     
  0.441719914275425       0.116798582177391     
  0.176628069860349       8.796611229774845E-002
  0.326028452104909       0.219043505070415     
  0.231687769423442       0.148975147486071     
  0.152663994482194       0.111377393196266     
  0.435230687956417       0.232108798770345     
  0.347127637286827       0.115316422870168     
  0.714119973243194       0.160689613839315     
   1.16733907353171       0.271639140519096     
  0.546823663192142       0.217237756703815     
  0.820998431875790       0.464460391801608     
  0.873874600727658       0.359869251880337     
  0.717876287150102       0.364728931670216     
  0.956980728680630       0.467920178744195     
  0.889062489376788       0.360782151434120     
  0.769463343605397       0.302957984141111     
  0.581815402902717       0.238806407959063     
  0.735186515918052       0.338183642591428     
  0.729262051469173       0.173723720558001     
  0.944256088801924       0.211020462159399     
  0.822957352685549       0.190031207909528     
   1.15325435023286       0.200100850957067     
  0.911455579711368       0.110265778294477     
   1.44739014279015       0.217751340721013     
   1.49361282299573       0.204843155539773     
   1.58852939782668       0.304361319391119     
   1.56737239350855       0.222622974473908     
   1.87759737266941       0.263573843618571     
   1.62437274544907       0.180281713118302     
   1.52189156811615       0.300584662994658     
   1.75557064803214       0.138002435346323     
   1.63679679848094       0.238405364990867     
   1.46321162459883       0.112237681754024     
   1.58589543474699       0.243153777234933     
   1.87549321928525       0.539228822573816     
   1.21618714132466       0.294781944945780     
  0.787570933276689       0.176925592980439     
   1.17411409911158       0.227174290092382     
  0.904788924003117       0.145203776700529     
   1.07741565783839       0.394646459380350     
  0.923857037614845       0.348461311074283     
   1.04468641215845       0.394376000456982     
  0.732909385514755       0.198050582567475     
  0.847514996317475       0.348816910807486     
  0.602196473868418       0.250745130331493     
  0.500842479268887       0.341166132294588     
  0.462235225598468       0.313464995630365     
  0.583326773048230       0.396644286088673     
  0.707291501640551       0.379227556609194     
  0.745538093374027       0.516852330622940     
  0.411116369863433       0.477655773633279     
  0.392043702065541       0.443048849705491     
  0.417320060883662       0.394670999528523     
  0.494349525825485       0.617360758368733     
  0.429038526107281       0.479911739211301     
 -9.410285935882438E-002  0.330212306356982     
  0.463867644589773       0.448342248536617     
  0.230724262335924       0.382450941335794     
  0.240837236359360       0.266420684258217     
  1.722289852180679E-002  9.446025812239468E-002
 -0.308010666902247       2.401767348610574E-002
  -1.08028638750246       2.459449932737360E-002
 -0.955164733863941       5.506023224530050E-002
  -1.16143397704084       4.563720259737730E-002
  -1.29467645153523       9.789181567872822E-002
  -1.35809430946554       5.992212527170376E-002
  -1.56305846594987       3.624667866128291E-002
  -1.78183723283284       1.336049599189969E-002
  -1.86982245809472       1.610235646191736E-002
  -1.36985600840709       5.971716393142910E-002
  -1.11023241334253       4.867203553577578E-002
  -1.17065042786020       3.517560233692883E-002
  -1.11282603633369       3.488521786370444E-002
  -1.36341550995057      -4.343646445233175E-004
  -1.04971621188159      -9.254942798377848E-002
 -0.641635663633076      -1.195170210164132E-002
 -0.258548812514662       9.848037185704071E-002
 -0.365447433741119       5.362245631781427E-002
 -0.319785907915637       5.870184749087858E-002
 -0.226789364533018       7.998494646645242E-002
 -0.240349072664358       7.677698804656050E-002
 -0.233446888390685       7.428381577381242E-002
 -0.225591999071623       0.128675620177944     
  4.974891633697329E-002  0.139002907949668     
  6.596107128997647E-002  0.146800548387854     
  0.117560779670457       0.197715820374729     
 -0.177836936976589       1.674888020533906E-002
 -0.373174482481236      -4.514042709911244E-002
 -0.366587967628375      -4.270479397840377E-002
 -0.540237856334804      -3.044207042771446E-002
 -0.758414354644376      -0.122596901281061     
 -0.525734992146385      -5.678554274420506E-002
 -0.286916146720472       4.275505184469986E-002
 -0.223168822903305       7.336506126158650E-002
 -0.196266434996887       9.424669068379837E-002
 -0.130946201298971       0.112686860079790     
 -2.977337722074898E-002  0.165677382604429     
 -1.577737757879989E-002  0.160643920414603     
  0.110108325607477       0.212877371537080     
  0.268307481657623       0.222171409950634     
  0.334238297567884       0.256675584896552     
  0.370449028842624       0.167129711952811     
  0.261505969250843       0.101639920442698     
  0.800642270414086       0.311703847762284     
  0.895856575147793       0.238438648823139     
  0.756980446080530       0.258624570781590     
   1.22999616975752       0.407440384574852     
   1.03228829335173       0.337623143935183     
  0.930482384840495       0.532901103443847     
   1.13737811658815       0.510810064819817     
   1.36119700395006       0.778684215319144     
   1.57130832174829       0.893392645692644     
   1.57837179408427        1.11803975685025     
   1.66211723649978       0.972598158477484     
   1.33227601611791       0.635340714939139     
   1.09933079344829       0.578119835358848     
   1.12897857776989       0.622559122807451     
   1.09941002459428       0.621846125082257     
  0.483568820089447       0.272525849411351     
  0.453454450285669       0.190204641579331     
  0.140557312035803       0.134699560357723     
 -0.269091474370111       1.775219435167435E-002
 -0.303014759983640      -5.122362254863991E-002
 -0.401703015103288      -4.076470710038903E-002
 -2.527964684870209E-002 -1.695404432157220E-002
 -0.100812248665616      -1.158231213295634E-003
 -0.108259521810544      -3.296447850068942E-003
 -0.107819749432904       9.618669962397602E-002
 -0.150612562739857       3.812531980308038E-002
  6.984900947210855E-002  6.683975958559392E-002
 -9.933030562654886E-002  6.369329394169889E-003
  6.267001077646010E-002  8.469829892914726E-003
  9.424532071027647E-002  2.260839922005619E-002
  6.954932679121645E-002  3.917455352435512E-002
 -0.132958093568368      -4.105371283503054E-002
 -1.975043992072307E-002 -3.602801189704141E-002
 -0.219574699574309      -4.026391891669372E-002
 -0.446084792808553      -3.450659469739716E-002
 -0.411662894529472      -4.728336801164758E-002
 -7.986875380422379E-002  9.648415167383934E-002
 -3.685133712445550E-002  0.207478774389601     
  0.193105176196861       0.344283978856232     
  9.448083567892074E-002  0.267550212011852     
  0.256833823839918       0.355513500871587     
  0.598938889932758       0.487495787412299     
  0.597128501637000       0.488307204235196     
  0.478268084212180       0.419046291341828     
  0.475155848493041       0.386180729985962     
  0.621195845872127       0.420307034211895     
  0.696212846862083       0.363010041385201     
  0.763335779572047       0.362899318956265     
  0.773239365653897       0.247495050131606     
  0.637525773086092       0.167670763629495     
  0.604837169343217       0.224412204320330     
  0.649100920435909       0.328864450439507     
  0.603676867503684       0.352258843153310     
  0.567417887088682       0.295843469884683     
  0.526633636954537       0.179885255936181     
  0.629177714612455       0.144510029666727     
  0.368614498817976       0.133163021706947     
  0.330431387106836       0.195706745950668     
  0.370668997196185       0.189190704761082     
  0.336737009951005       0.167947521347368     
  0.305977643297151       0.154526365765837     
  0.197394213181205       0.101135261181012     
  0.248593283785656       0.258883647534328     
  0.200930207009529       0.209124389552467     
  6.226876749078704E-002  9.350243357818483E-002
  0.338711194436199       0.207911108314625     
  0.463940242131335       0.178944640986549     
  0.688564888087139       0.150580641364959     
  0.850151348652029       0.137519662569361     
  0.706666531838600       8.295532864555025E-002
  0.538949372632622       2.741842523913591E-002
  0.521723138516144       0.103596831072646     
  0.714630745112633       0.168927243836876     
  0.802701051593086       0.209373219989268     
  0.495436862745368       0.222162589946486     
  0.194589203224345       0.155345982506130     
  0.207373182616822       0.193227021552717     
  0.439448449605954       0.151773349084886     
 -6.208709816157238E-002  4.035518658610902E-002
 -6.446327895522054E-002  6.339694575757847E-002
 -5.196351559154520E-002  6.356802643482341E-002
  4.753068591724845E-003  7.655425750340204E-002
 -9.992889651959071E-002  8.554474092330100E-002
 -0.224119377645930       5.001749732632760E-002
 -0.282755833924924       9.218594297534861E-003
 -0.349793171800523      -1.949444592182031E-002
 -0.561608077473340      -4.573661049543910E-002
 -0.455622292121050      -1.478765743382158E-002
 -0.481647004357957      -1.393869610357205E-002
 -0.470175192780513       1.012064501484467E-003
 -0.555207420505646      -2.374244795983824E-002
 -0.764719374884058      -2.917716688827336E-002
 -0.493830934004257      -2.368330869553986E-002
 -0.481242049783226      -3.640678553709722E-002
 -0.439922168254029      -1.922553829566169E-002
 -0.666212891174317       3.609798455898410E-002
 -0.304062923595209       0.109893628346574     
 -0.179627992328352       6.835469733138549E-002
  0.504395639047937       0.349674840138523     
  0.539644075712369       0.349632143252413     
  0.635106310614079       0.363868976729034     
  0.413304765250730       0.244306374411054     
  0.399939740040039       0.228902753169985     
  0.414045593377180       0.234050548153649     
  0.365191739432491       0.218793104372562     
  0.377773256893702       0.211040418692700     
  0.671909391191538       0.275660916718758     
  0.664932832171525       0.278337370465913     
  0.460463232419876       0.306119389578424     
  0.435777511203139       0.304219563599696     
  0.369931790271927       0.315662627213522     
  0.255870914751862       0.181613769736970     
  0.333875971378784       0.269292670996660     
  9.795974348234086E-002  0.214368518371046     
  0.153216939176916       0.264624523894344     
 -8.165604917177624E-002  0.289900302685381     
 -0.317823046009335       6.889721182483023E-002
 -0.950820737617947       2.528350503658156E-002
 -0.931252864567370       3.437423307705502E-002
 -0.797999616561247       2.182784544661031E-002
 -0.849337191651292      -1.102581300007836E-002
 -0.395514421125823      -2.171103171591703E-002
 -0.199063373802706       3.713771284267635E-002
  1.683676279280834E-002  3.165843392880342E-002
  8.605367415890068E-002  3.387626766915158E-002
  0.289896108036552       0.113236050084907     
  4.203016293844232E-002  0.152949699572447     
  0.211389986081944       0.189236829277342     
 -0.156999586295611       6.829216636533673E-002
  9.248064601300866E-004  9.837452761418426E-002
  2.858895594310666E-002  8.465728055717249E-002
  0.121138807955802       8.420977969015658E-002
  0.258354205147470       9.307795327113438E-002
  0.348071289137966       7.380012627079455E-002
  0.591535816234451       7.164747219036226E-002
  0.312031218481447       8.050816318371733E-002
  0.508052983440188       0.102577840911406     
  0.858444915032104       0.265249972035024     
  0.717823371602001       0.478492741376844     
  0.614375079860968       0.595482985327375     
  0.774721666838222       0.357121691383940     
  0.955959272663112       0.499274364104012     
  0.915866568097447       0.485344741343206     
  0.792821528786707       0.583896445368841     
  0.763282170702264       0.705947654680705     
   1.09780451927203       0.858504520496393     
  0.933504449955745       0.472807387994377     
   1.15034675377684       0.477998501734898     
   1.23265832611562       0.503718170636297     
   1.05981600171567       0.385811168920851     
   1.12375783304028       0.267032416622242     
  0.943295830467871       0.198079287536822     
  0.639942174051812       0.174935668561201     
  0.311031032670710       0.255528185801944     
  0.520255092756486       0.266810910658262     
  0.648019554117781       0.313990549155416     
  0.488244376070922       0.267959643062977     
  0.563893376473900       0.371700623077815     
  0.554508391578801       0.364607493550152     
  0.471524848529677       0.205198534680469     
  0.563929009728397       0.128689718521635     
  0.856558383669857       0.227935732813106     
  0.727735836625749       0.110237787764052     
  0.805133218088843       0.274394160687531     
  0.916603924125576       0.130274216250414     
  0.427979278447088       0.119308286255074     
  0.255252426038367       8.202193802589088E-002
  0.492049086364474       8.696002075426880E-002
  0.532791480951269       0.172728450831546     
  0.739830028309822       0.116961684459783     
  0.773875143387126       0.147114832717947     
  0.658936735942896       0.190513775286723     
  0.722708265898674       0.338938965081265     
   1.16821177926457       0.559729503752878     
   1.39190114121307       0.226403197664193     
   1.82003640317820       0.295651257541399     
   1.90361566616665       0.109540087507189     
   1.91056395684022       0.452463260783691     
   1.84715144670835       0.671064859560651     
   1.66149538766354       0.584234623009780     
   1.40148356701728       0.406836780596803     
   1.29296701140442       0.294931425386588     
   1.67146166938009       0.321570545892302     
   1.70033660171408       0.187292771100438     
   1.43471386690794       0.280061014572094     
  0.927752982415089       0.118021728401967     
  0.954747678026349       0.247989095916812     
   1.15864947845658       8.367101602578304E-002
   1.18011232989636       0.348683017970293     
  0.905439032211625       0.298080919080576     
  0.740863363598225       0.224506137527655     
   1.06011124719762       0.136233810490155     
  0.950283608603932       0.379810317555643     
  0.779394592327599       0.374638915333546     
  0.996191984866060       0.301332404159464     
  0.802142430634599       0.162986869997552     
   1.10935612086612       0.285741234858481     
   1.25331003436198       0.487660837615412     
  0.882322653686612       0.294434981769651     
  0.767094705324699       0.293896115590832     
  0.787451447394769       0.400799498743825     
  0.784079160741052       0.282975344430317     
  0.980659547038956       0.424328006859493     
  0.776709875223420       0.401388186771430     
  0.455008409556736       0.232363259475045     
   1.01365471333382       0.286191986040062     
  0.504930315146292       0.187074750339904     
  6.333273222824555E-002  6.473619972967436E-002
  8.646400815631335E-002  0.100243301706252     
 -7.966250864681967E-002  0.103456504615902     
  0.309070714618091       0.113471764000260     
  0.262016606385533       0.192113297074321     
  7.962550431659404E-002  0.199991808273591     
 -0.175408438385785       0.129164006544061     
 -0.377224263976796       0.108817129601712     
 -9.100963963670183E-002  6.286045067811757E-002
 -0.180493549408709       8.420316873632146E-002
 -0.369391966181917       4.295315160903707E-002
 -0.305572932127487       8.587969091741438E-002
 -0.336487017471101       8.073996413146449E-002
 -0.457979113405129       6.699289970351685E-002
 -0.958541040108093       4.080069240443360E-002
  -1.13165887582286       3.671446206693205E-002
 -0.619447199665315       6.850091958699600E-002
 -0.800008293731091       6.140203910687828E-002
 -0.678186517334447       1.747541168303878E-002
 -0.883275945293071       5.617411995342892E-002
 -0.918936317644428       2.502870960823000E-002
  -1.21560602530033       1.631013438303498E-002
  -1.48434846213457       4.263970456770193E-002
  -1.70892614208872       4.767960281821784E-002
  -1.39308120748519       3.076815584168768E-002
  -1.52988980776177       3.956268692360482E-002
 -0.669563655695354       4.150961954023512E-002
 -0.367564485850251       9.923070076008034E-002
 -0.441060480875239       0.109542691967997     
 -0.328263431648761       8.430564874534505E-002
 -0.851279438796128       9.021209091238129E-002
 -0.323736775663820       0.110740695338780     
 -0.146720486840032       0.108264746259741     
  1.559609395136402E-002  8.719931423404668E-002
 -5.543475674266762E-002  0.111011685641347     
 -0.182978404425557       5.784365744779955E-002
 -0.433347359247202       7.311174834253754E-002
 -0.363026550358176       6.490399040028365E-002
 -0.548084176072842       5.234385239779393E-002
 -0.284142392239060       0.102996623052826     
  1.035329325713126E-002  0.136919431987359     
  2.253694489804541E-002  0.174804045992931     
 -0.220768742207256       0.195877797324397     
 -0.390794315938807       0.262839948416587     
 -9.356436664288703E-002  0.341575440286087     
 -0.623809141201198       0.115317529612561     
 -0.278891740960270       0.117375321163338     
 -9.790600307302480E-002  0.112843008532871     
  9.781061586977771E-003  0.132067094590713     
  0.302179134874892       0.210280622865542     
  0.111401054366607       0.217705307920260     
 -0.288209835535707       8.201188076548126E-002
  0.127139915168327       0.194631227118942     
  0.355163057902718       0.261449097526375     
 -4.163289266595175E-002  0.173575694875246     
 -9.418789832705091E-002  3.012918382169467E-002
 -0.278253069392461       0.108879847422360     
 -0.261498365359337       0.103792356129848     
 -0.268116363644044       0.119313968962425     
  0.234545166111880       0.375122663964710     
  0.320014982153802       0.358835890230939     
  0.616081861379804       0.438085946544947     
  0.621485965566102       0.504114981471872     
  0.381817521539540       0.541274460275032     
  0.483466912944030       0.354347674382474     
  0.465426622911189       0.390729202529435     
  0.186826971369226       0.200983382177325     
 -1.534168203883747E-002  0.134776808158695     
  0.433138469777745       0.352357704002094     
  0.617568272102092       0.390021051484842     
  0.106339662511671       0.269727207443967     
  0.186267977870333       0.312138015713648     
  0.205090743477946       0.397873625748348     
 -1.284142912565260E-002  0.323040754539206     
  0.151375050541104       0.425306356815460     
  0.250354901848538       0.478369471411599     
  0.270205758767001       0.481426188877164     
  0.243762915035651       0.394274008558405     
  0.260963480087632       0.392426826194707     
  0.626044970202726       0.508699297087557     
  0.527814693324724       0.594903160246534     
  0.353766823671242       0.440315487679165     
  0.353766823671242       0.440315487679165     
  0.276469548666032       0.338217864815728     
  0.348701393683867       0.324821204046991     
  0.310897112253357       0.293612670299600     
  0.352417203000026       0.303703552738563     
  0.297940029327502       0.451265330867803     
  0.210786064624754       0.357712549398397     
  8.609338409493076E-003  0.120701722047187     
 -3.695720873596738E-002  0.120239872723154     
 -5.770430574640381E-003  0.183577705972457     
  0.605363262053516       0.369371545161918     
  0.173797030156322       0.111817548732714     
  8.346724886426277E-002  0.131655372025551     
  3.753547547558904E-002  0.120719041812551     
 -2.600575444824228E-002  0.152277072055061     
  5.986368265923663E-002  0.125264943034054     
  0.123324593247919       0.167215964940296     
  9.209460120243231E-002  0.154049060361874     
  0.130729150024776       0.209187646430702     
  0.176507369647713       0.151724228790521     
  3.954576194119178E-002  0.189513473502975     
 -2.011221526000205E-002  0.232687395239132     
 -2.082742909799851E-002  0.249681951538195     
 -0.102385093962685       0.248827834487942     
  0.126857860654280       0.426485731809968     
 -7.683391814176753E-002  0.382554699865448     
  0.107879316998128       0.325814279505097     
 -0.188435616886895       0.180016490536639     
 -0.255934510403919       0.165703959475852     
 -0.284797113584959       0.132512089502060     
 -0.416354281627549       5.109356369765306E-002
 -0.460203396081819       3.802582384539430E-002
 -0.457526676663221       1.227831391506759E-003
 -0.529880369468334      -2.063886656024311E-002
 -0.494168216448189      -1.466453347733584E-002
 -0.576320088428218      -2.927207989858118E-002
 -0.613482604897171      -2.135605643683146E-002
 -0.728133356989907      -1.522342617998317E-002
 -0.611307122587396       5.316300954322960E-003
 -0.521629531584784       3.572466478469766E-002
 -0.503648543452996       1.591218326074531E-002
 -0.410868379851806       5.154926885997894E-002
 -0.413347421449329       4.953266243028284E-002
 -0.417499162568686       4.798617893101342E-002
 -0.564552695627040       1.182731551564129E-002
 -0.267963400717013       3.281317600463480E-002
 -3.897046749761134E-002  4.484006215287825E-002
 -0.180711896487579       0.107695676904376     
 -0.339278925246180       0.123013539280506     
 -0.567245985159687       6.679857663812712E-002
 -0.507841114534098       4.968706570270989E-002
 -0.555336109203745       7.908086630108921E-002
 -0.453188995352163       5.105147183503771E-002
 -0.544826622291774       3.848531968424199E-002
 -0.360376445027868      -1.215471636014586E-002
 -0.312765492248342       2.282990699716358E-002
 -0.337690931722703       1.753048239083944E-002
 -0.409601824351954      -2.971958511205136E-002
 -0.447076972022670      -2.756978001186792E-002
 -0.343846345179298       2.120377371815186E-003
 -0.532360571122281      -1.807964673254792E-002
 -0.646775133850589      -6.330835924000772E-002
 -0.436267692987326      -5.245818593313949E-002
 -0.499872864889521      -2.707342333385376E-002
 -0.274569800053173       7.810659406751745E-002
 -9.348189736497146E-002  0.178952371449540     
  0.389184721168913       0.427064802331908     
  0.281028298682358       0.311398584653124     
  0.420545151076698       0.318578154852758     
  0.375116596327904       0.202244806656396     
  0.232083156608588       9.483895643165315E-002
  0.283638773028305       0.149666941242636     
  0.314276400368304       0.149431343683021     
  0.208313099047774       0.171269048347282     
  0.104476040468663       0.201543198933678     
  0.146082411984723       0.237585684297270     
  0.259763574853291       0.312465003997307     
  0.259608088344508       0.297104131779574     
 -0.264802358861501       6.767828524216815E-002
 -1.462011005970004E-002  0.114308426428135     
 -0.237348913446161       7.611828040012973E-002
 -0.209235896152690       5.363317349583938E-002
 -0.232757330140965       0.109904732076169     
 -0.314387364886459       3.315983786361624E-002
 -0.327670135367957       2.586382521089114E-002
 -0.321864198360153       3.231671350239726E-002
 -0.511115311721283      -5.377514830800145E-002
 -0.461156274857925      -1.883993242169742E-002
 -0.348048061407454      -7.771127067625837E-003
 -0.532570808520452      -7.140163472685153E-002
 -0.951697900133861      -0.115844869276510     
 -0.933935965467093      -8.638323979335774E-002
 -0.894849931640188      -4.546546089131105E-002
  -1.06834710966124      -5.705248631997471E-002
  -1.21376632008303      -9.903745458169287E-002
  -1.19381665232856      -8.999104841646645E-002
 -0.985527968091886      -4.846830758396926E-002
  -1.09202593695277      -4.854821521764060E-002
 -0.328005983895268       0.134630455438155     
 -0.607489827086848       9.110894247582597E-002
 -0.355185514836326       0.216330872682909     
  0.214682007138600       0.373418207744506     
  0.483842176033248       0.534689128254753     
  0.259864815459929       0.341752815689115     
  0.426025512020905       0.417599340258051     
  0.433447684310084       0.375962135865933     
  0.282085628518937       0.300733982477349     
  0.342867245261670       0.233044509780651     
  1.158547170898235E-002  0.160067149081581     
 -0.199427323227318       0.134698685848473     
 -0.154123555479926       0.195051465028507     
 -0.504051500649655       4.622722904476267E-003
 -0.486773485386861       3.005329570905073E-002
 -0.455446995380087      -4.334675583907222E-002
 -0.318081517209642      -2.388987486507945E-002
 -0.188243767578560      -3.285759176148794E-003
 -0.170364385200159       6.557392990053757E-003
 -0.168404356279959       1.368494485393950E-002
 -0.110510680384232       2.568291054581717E-002
  5.516485934943006E-002  0.133163437596400     
  0.118896623169816       6.965485029709055E-002
  8.278533969569320E-002  4.786092211258981E-002
  8.444683608263906E-002  4.778176298139591E-002
 -2.139959419953590E-002  2.380998016413875E-003
 -4.396539192155678E-002 -1.780762007440718E-002
 -4.431085036234445E-002  7.035312724683959E-002
  0.279335280510309       0.146374014735833     
  0.286747189671256       0.225418488752759     
  0.218979199417113       0.270328985859668     
  0.256138181017374       0.309422533139088     
  0.269261583540304       0.200714044002861     
  0.261276671753821       0.191286588681920     
  0.465594134179530       0.320055553503635     
  0.454586261310715       0.397840384540747     
  0.311737749475195       0.331234150750063     
  0.585896018894977       0.218015966995612     
  0.669670926550016       0.275775631272509     
  0.566269634887783       0.379573894482502     
  0.609229905180507       0.329261890014654     
  0.446678812468284       0.269655717641012     
  0.141532325986147       0.176380864278097     
  9.766304891678700E-002  0.157983899311472     
  6.916731335655379E-002  0.158271063267647     
  0.233682948361848       0.223193104594764     
 -0.393422590397093       6.970737297973711E-002
 -0.349607616652676       8.149842514856462E-002
 -0.361342405414284       4.014219887645184E-002
 -0.321111958602362       8.421954770849686E-002
 -0.107723967278895       0.126531061008819     
 -0.326090319456925       0.111348030508257     
 -0.292606183086897       0.135324458487576     
 -0.271383189168900       6.893616494090800E-002
 -0.748154015190033       3.054414586989386E-002
 -0.665180529146454       6.794763371115695E-002
 -0.688277805907315       3.353729433166448E-002
 -0.688277805907315       3.353729433166448E-002
  -1.15505611214002      -2.421894385730733E-002
  -1.00682048674855      -2.551678139677053E-002
 -0.916478468442104      -8.177941230107642E-002
 -0.933914964602183      -8.009667227410457E-002
 -0.941717301604922      -7.134499320297058E-002
 -0.674062520825949      -6.884925996690332E-002
 -0.717407327099505      -0.142690148501191     
 -0.864847901233381      -0.148031169664533     
 -0.877976692975485      -0.156279289992734     
 -0.831832551231684      -0.156233693391143     
 -0.751892256362414      -0.136792368521666     
 -0.786413166674012      -0.134768502103545     
 -0.753462273546548      -9.117175346188199E-002
 -0.782828668547297      -9.422233512590564E-002
 -0.671178285377666      -7.527437728993983E-002
 -0.845039210647678      -1.652848962375472E-002
 -0.534995556229069      -0.108862059390471     
 -0.356274183827873       4.174053015282567E-002
 -8.200779900338737E-002  7.197210209524173E-002
 -6.930913737604680E-002  0.144998328185608     
 -0.160630811127498       0.148182192885139     
 -0.152616934279428       0.153059248123517     
 -0.195074332203570       0.137403968499427     
  8.741959095654717E-002  0.211548979883528     
  1.971393165746151E-002  0.201758126140731     
  8.379989625539631E-002  0.210279121086844     
  7.834288865403656E-002  0.190442787288174     
  6.886995797840503E-002  0.192860994196945     
  0.317453885477271       0.267534037828865     
  0.356994700159877       0.241777857388061     
  0.277023180075422       0.169798348178485     
  0.655490428354329       0.397559822121622     
  0.671844120066387       0.394667287222601     
   1.07951221190817       0.658516282445806     
   1.07100194897462       0.725823821039457     
  0.996103488777354       0.683651150303853     
  0.934267183801496       0.593551079574497     
   1.09317646556920       0.742800781093786     
   1.28173672880572       0.849723362232750     
   1.13508593218380       0.692938021043178     
   1.10923154264011       0.611273723869333     
  0.986175152545726       0.541737098127523     
   1.08997976148328       0.644056732745387     
  0.851205738000970       0.297569902729181     
  0.941340339920956       0.221997588316259     
  0.980191296618124       0.263173604756436     
  0.595198829173659       0.219032106959728     
  0.407446493188410       0.151033922530768     
  0.437724668516863       0.151558004225263     
  0.832505792114908       0.275553737438841     
  0.648838543191696       0.317604076320626     
  0.835006345943180       0.460245567255681     
  0.769457112382971       0.388476103234886     
  0.658784407576812       0.390781100170781     
  0.390885447908445       0.139277510099820     
  0.466796478990309       0.139070439153707     
  0.516100437004844       0.162720109838498     
  0.599696672990270       0.107816307109488     
  0.546667231503460       8.292825582259321E-002
  0.447802866161725       0.139965542858368     
  0.544012428247270       0.222938224215823     
  0.339310004659306       0.173332994232296     
  0.552273692473187       0.208116343330418     
  0.487219824481506       0.300439131694682     
  0.626638295822084       0.257512544266312     
   1.09013023941463       0.230806182836012     
   1.08572715821286       0.402465897628053     
   1.11893310035207       0.389353105505556     
  0.827638763562659       0.411506378405701     
  0.880539422800971       0.350481490910993     
   1.04969096393704       0.184599093982517     
   1.26729829326155       7.824629237909221E-002
   1.61646259618206       0.182190078421019     
   2.12234094606352       0.127979962348750     
   1.53252741719190       0.275087886089888     
   1.36367877360587       0.132717117199346     
   1.82293418317076       0.161551573688527     
   1.64359167467364       0.244691000484834     
   1.36163564340274       0.142987342248502     
   1.50801818515965       0.232507725189920     
   1.80100002653859       0.114692559260716     
   2.18250913302604       0.199420436959459     
   1.94825942459422       0.219560538596059     
   2.39170462485044       0.204650148904092     
   2.25102580459746       0.206337318416268     
   2.47903076694903       9.267238973022898E-002
   2.47903076694903       9.267238973022898E-002
   2.08773618647280       0.144118343316189     
   2.09971328444146       0.311735700292589     
   2.08190936675556       0.215350147846558     
   1.72109721421354       8.415889404273512E-002
   1.63193530692461       0.108815003273763     
   1.30540801062940       9.795805490774909E-002
   1.24551340363084       0.128147071842448     
   1.33255842006141       0.198499455795257     
   1.12567360505376       0.154495407028216     
  0.773740483523963       0.160471446738045     
  0.936442812704767       0.146376854186114     
  0.988325685950228       0.144120808569247     
  0.342032554170188       0.103652325198987     
  0.164512900476800       0.162618154124589     
 -4.398922857451931E-002  0.125342845286144     
  0.243788449753241       0.108100148940117     
  0.622643362682355       0.183399587093770     
   1.15087738606527       0.154337871728449     
   1.25827064367280       0.272022777543606     
   1.28007714093703       0.290766795163604     
   1.80716439000800       0.255237252305965     
   1.87959387099989       0.435175268541217     
   1.92924174693414       0.137381136918070     
   1.15688051752634       0.239043420101384     
   1.19067595975470       0.162821171135706     
  0.831745801780973       0.164086960089591     
   1.03529664690578       0.182030725477049     
   1.35572608362919       0.149120462732434     
   1.36694481274917       0.137506147855625     
   1.97851606849541       0.127203837598665     
   1.71405137191780       0.106294584818663     
   1.81148203014137       0.194279037113692     
   1.76277074883781       0.244648708892826     
   1.28387832422200       7.399002345390020E-002
  0.954393290190909       0.297707258035511     
  0.561760690681450       0.116612819146373     
  0.862788706902198       0.140353943884852     
   1.13800555412291       0.227253897234179     
   1.57863500585521       0.277857692797859     
   1.53168477608193       0.211405445669681     
   1.01419072594774       0.137252274884496     
   1.42338348206019       0.414548038622767     
   1.16273536563778       0.277968591240568     
  0.995443914030664       9.206361833833931E-002
  0.981474179610850       0.199347201867296     
   1.12639141242896       8.843194613541532E-002
   1.53381205551157       0.316439769707023     
   1.28666077363497       0.147214718056629     
   1.64904703563440       0.201529295769827     
   1.52864003879437       0.210053679378978     
   1.45173679666799       0.291425816635486     
   1.35044760180326       0.123412472829104     
  0.909794558927822       0.106021036380931     
  0.808148517594785       6.521744664764383E-002
   1.04328803561788       0.146354357800049     
  0.915587448706688       2.986771937644367E-002
   1.37874063563852       0.105976872790186     
   1.75858061682546       0.202266630090705     
   1.43733956996572       0.337419079996980     
   1.48418909277506       0.446585332141803     
   1.01662595653031       0.292515241719013     
  0.973018928971496       0.290936950069280     
  0.851152580173480       0.503552584101717     
  0.930705142832174       0.409915114927223     
   1.03544859852491       0.570927786767691     
   1.06775629092661       0.518912208122241     
   1.29173507166126       0.697306331579872     
   1.26231516526430       0.642719293969311     
   1.22094562087316       0.584294096213909     
   1.63951606140904       0.533398622421710     
   1.64622074698246       0.628249214585493     
   1.77274438829623       0.292313124473008     
   1.66671879324903       0.188942958577642     
   1.67305482638436       0.253091997749372     
   1.26843453621991       0.171821348445208     
   1.41488382981364       0.235085032321172     
   1.31838523442028       0.221687025577429     
   1.24196678113211       0.186461343815150     
   1.08146105990967       0.205827506902878     
   1.23013673740345       0.185809062857658     
   1.24153836904660       0.279503738576415     
   1.13248459347979       0.320026421316683     
   1.21365869757049       0.111830863905429     
   1.47415095068804       0.343426223549467     
   1.48519129795043       0.225473769930299     
   1.72771207349532       0.133014196369115     
   1.39525006248150       0.205819158503542     
   1.39891099685780       0.199850048704107     
   1.53800574485402       0.151676882624649     
   1.02233718640712       0.103476450880135     
  0.991058307624205       0.152695867803577     
  0.944088879655558       0.119442424750338     
  0.244293159510267       0.158654620441185     
  0.190530517472579       8.182136757687393E-002
  0.420742961415519       8.294876796982101E-002
  0.777129921901256       0.199856955243540     
  0.609135828749392       0.107886782050320     
  0.923793844742145       0.170062641287405     
  0.991388410727072       0.129273376251774     
   1.30576737035117       0.157877114918156     
   1.32201355442344       0.164190801987701     
   1.20588284760299       0.194161556066041     
   1.09830054714033       0.156999101216027     
  0.732727399048852       0.267035366113463     
  0.931477550221495       0.243646754905617     
   1.14354649313262       9.721072006988157E-002
   1.22685488308294       0.237930714237778     
   1.53509251092804       0.356447306383402     
   1.31553728900971       0.338095854018036     
   1.47583725681221       0.144253655253683     
   1.19215431569607       0.127062569405294     
   1.32306766504193       4.723840915218975E-002
   1.39318262895923       0.121609096575173     
   1.94666251032612       0.409272868667211     
   2.53851409172852       0.100652466779415     
   2.33371433930916       0.175168342171147     
   2.44774250802029       6.874144454741055E-002
   2.09686100262832       6.755534450838760E-002
   2.11679135762513       9.615980632352107E-002
   2.48271520920489       0.130127224076303     
   2.05716953829425       0.138387998479849     
   1.85935768289656       0.122720587845417     
   1.58211003221628       0.197086953688278     
   2.01640523847815       0.173546700393183     
   1.85021999418584       0.111944872926705     
   1.43494433759080       6.799882251576940E-002
   1.55572995889140       0.123951199895096     
   2.22636908293879       0.382412833670689     
   2.11142685003253       0.527975240931729     
   1.63773027435655       0.225798410567823     
   1.35409630241010       0.138381041976587     
   1.18672492436127       8.970551641560719E-002
   1.25592898749072       0.150686052349901     
   1.24650197566447       0.122137097853410     
   1.02765972455144       0.178418321681748     
  0.836151503159617       0.120183682133974     
  0.975424358110222       0.126810093334916     
  0.948224300268235       6.079942658863161E-002
   1.15650067054323       0.128424356498681     
   1.14386514752939       0.220919245744657     
  0.903906005939048       0.160508489568525     
   1.05964788709294       0.374225782308799     
  0.375838058091809       0.164853963908084     
  0.252296554611302       0.145568915608176     
  0.182512276426715       0.170372237479930     
  0.164242442373659       0.101937895948791     
  0.709088630275629       0.250914481979367     
  0.718565775054803       0.285563158551801     
  0.637927277982193       0.258902470783272     
  0.439398247560297       0.266652909472309     
  0.616607094097291       0.240762486945048     
  0.505091641340444       0.227820621791493     
  0.762613350305783       0.330620411248240     
  0.611258750064886       0.287597921398926     
  0.793747371038389       0.174605361767786     
  0.679948095258675       0.320521803084722     
  0.814630230767748       0.319733441241375     
  0.812469304441335       0.247181684768705     
  0.704845097729347       0.134734958967396     
  0.421660685650297       0.169309449393194     
  0.785899447267966       0.331864460808558     
