          20
  0.11673519528062559E+01
 -0.79148141177802085E+01
 -0.23976907007554611E+01
  0.19879370296726067E+01
  0.36651532426221913E+01
 -0.69183678576243004E+01
  0.58114003106101186E+00
 -0.29761675924370459E+01
 -0.78536975667002440E+00
 -0.23229156926676877E+01
  0.51769950028802718E+01
  0.19310605073690254E+00
  0.14146318241352935E+01
  0.60720778913560878E+01
  0.87097831772616963E+00
 -0.73049729951760978E+00
  0.31077289249046993E+01
  0.10428696894455574E+01
  0.10674382062910452E+01
 -0.40409738801724764E+01
